{
 "cells": [
  {
   "cell_type": "code",
   "execution_count": 29,
   "metadata": {},
   "outputs": [],
   "source": [
    "import numpy as np\n",
    "import pandas as pd\n",
    "import matplotlib.pyplot as plt\n",
    "import seaborn as sns\n",
    "from sklearn.model_selection import train_test_split\n",
    "from sklearn.neighbors import KNeighborsClassifier\n",
    "from sklearn.metrics import (accuracy_score,confusion_matrix)\n",
    "from sklearn.naive_bayes import GaussianNB\n",
    "from sklearn.linear_model import LogisticRegression\n",
    "from sklearn import tree\n",
    "from sklearn.cluster import KMeans\n",
    "%matplotlib inline\n",
    "\n",
    "#Vaikuttaa kaavioiden ulkoasuun:\n",
    "sns.set()"
   ]
  },
  {
   "cell_type": "code",
   "execution_count": 2,
   "metadata": {},
   "outputs": [
    {
     "data": {
      "text/html": [
       "<div>\n",
       "<style scoped>\n",
       "    .dataframe tbody tr th:only-of-type {\n",
       "        vertical-align: middle;\n",
       "    }\n",
       "\n",
       "    .dataframe tbody tr th {\n",
       "        vertical-align: top;\n",
       "    }\n",
       "\n",
       "    .dataframe thead th {\n",
       "        text-align: right;\n",
       "    }\n",
       "</style>\n",
       "<table border=\"1\" class=\"dataframe\">\n",
       "  <thead>\n",
       "    <tr style=\"text-align: right;\">\n",
       "      <th></th>\n",
       "      <th>Viini</th>\n",
       "      <th>X1</th>\n",
       "      <th>X2</th>\n",
       "      <th>X3</th>\n",
       "      <th>X4</th>\n",
       "      <th>X5</th>\n",
       "      <th>X6</th>\n",
       "      <th>X7</th>\n",
       "      <th>X8</th>\n",
       "      <th>X9</th>\n",
       "      <th>X10</th>\n",
       "      <th>X11</th>\n",
       "      <th>X12</th>\n",
       "      <th>X13</th>\n",
       "    </tr>\n",
       "  </thead>\n",
       "  <tbody>\n",
       "    <tr>\n",
       "      <th>0</th>\n",
       "      <td>1</td>\n",
       "      <td>14.23</td>\n",
       "      <td>1.71</td>\n",
       "      <td>2.43</td>\n",
       "      <td>15.6</td>\n",
       "      <td>127</td>\n",
       "      <td>2.80</td>\n",
       "      <td>3.06</td>\n",
       "      <td>0.28</td>\n",
       "      <td>2.29</td>\n",
       "      <td>5.64</td>\n",
       "      <td>1.04</td>\n",
       "      <td>3.92</td>\n",
       "      <td>1065</td>\n",
       "    </tr>\n",
       "    <tr>\n",
       "      <th>1</th>\n",
       "      <td>1</td>\n",
       "      <td>13.20</td>\n",
       "      <td>1.78</td>\n",
       "      <td>2.14</td>\n",
       "      <td>11.2</td>\n",
       "      <td>100</td>\n",
       "      <td>2.65</td>\n",
       "      <td>2.76</td>\n",
       "      <td>0.26</td>\n",
       "      <td>1.28</td>\n",
       "      <td>4.38</td>\n",
       "      <td>1.05</td>\n",
       "      <td>3.40</td>\n",
       "      <td>1050</td>\n",
       "    </tr>\n",
       "    <tr>\n",
       "      <th>2</th>\n",
       "      <td>1</td>\n",
       "      <td>13.16</td>\n",
       "      <td>2.36</td>\n",
       "      <td>2.67</td>\n",
       "      <td>18.6</td>\n",
       "      <td>101</td>\n",
       "      <td>2.80</td>\n",
       "      <td>3.24</td>\n",
       "      <td>0.30</td>\n",
       "      <td>2.81</td>\n",
       "      <td>5.68</td>\n",
       "      <td>1.03</td>\n",
       "      <td>3.17</td>\n",
       "      <td>1185</td>\n",
       "    </tr>\n",
       "    <tr>\n",
       "      <th>3</th>\n",
       "      <td>1</td>\n",
       "      <td>14.37</td>\n",
       "      <td>1.95</td>\n",
       "      <td>2.50</td>\n",
       "      <td>16.8</td>\n",
       "      <td>113</td>\n",
       "      <td>3.85</td>\n",
       "      <td>3.49</td>\n",
       "      <td>0.24</td>\n",
       "      <td>2.18</td>\n",
       "      <td>7.80</td>\n",
       "      <td>0.86</td>\n",
       "      <td>3.45</td>\n",
       "      <td>1480</td>\n",
       "    </tr>\n",
       "    <tr>\n",
       "      <th>4</th>\n",
       "      <td>1</td>\n",
       "      <td>13.24</td>\n",
       "      <td>2.59</td>\n",
       "      <td>2.87</td>\n",
       "      <td>21.0</td>\n",
       "      <td>118</td>\n",
       "      <td>2.80</td>\n",
       "      <td>2.69</td>\n",
       "      <td>0.39</td>\n",
       "      <td>1.82</td>\n",
       "      <td>4.32</td>\n",
       "      <td>1.04</td>\n",
       "      <td>2.93</td>\n",
       "      <td>735</td>\n",
       "    </tr>\n",
       "  </tbody>\n",
       "</table>\n",
       "</div>"
      ],
      "text/plain": [
       "   Viini     X1    X2    X3    X4   X5    X6    X7    X8    X9   X10   X11  \\\n",
       "0      1  14.23  1.71  2.43  15.6  127  2.80  3.06  0.28  2.29  5.64  1.04   \n",
       "1      1  13.20  1.78  2.14  11.2  100  2.65  2.76  0.26  1.28  4.38  1.05   \n",
       "2      1  13.16  2.36  2.67  18.6  101  2.80  3.24  0.30  2.81  5.68  1.03   \n",
       "3      1  14.37  1.95  2.50  16.8  113  3.85  3.49  0.24  2.18  7.80  0.86   \n",
       "4      1  13.24  2.59  2.87  21.0  118  2.80  2.69  0.39  1.82  4.32  1.04   \n",
       "\n",
       "    X12   X13  \n",
       "0  3.92  1065  \n",
       "1  3.40  1050  \n",
       "2  3.17  1185  \n",
       "3  3.45  1480  \n",
       "4  2.93   735  "
      ]
     },
     "execution_count": 2,
     "metadata": {},
     "output_type": "execute_result"
    }
   ],
   "source": [
    "df=pd.read_excel('http://taanila.fi/wine.xlsx')\n",
    "df.rename(columns={'Y':'Viini'}, inplace=True)\n",
    "df.head()"
   ]
  },
  {
   "cell_type": "code",
   "execution_count": 3,
   "metadata": {},
   "outputs": [],
   "source": [
    "#Tehdään fature-matriisi,jota varten pudotetaan Y-muuttuja\n",
    "X = df.drop('Viini', axis=1)\n",
    "\n",
    "#Tehdään target eli viini\n",
    "y = df['Viini']"
   ]
  },
  {
   "cell_type": "code",
   "execution_count": 4,
   "metadata": {},
   "outputs": [],
   "source": [
    "#jaetaan data testidataan ja opetusdataan\n",
    "X_train, X_test, y_train, y_test = train_test_split(X, y, random_state=5)"
   ]
  },
  {
   "cell_type": "code",
   "execution_count": 5,
   "metadata": {},
   "outputs": [],
   "source": [
    "#Sovitetaan opetusdata ja testidata K-nearest neighbors-malliin (KNN)\n",
    "malli = KNeighborsClassifier(n_neighbors=1)\n",
    "malli.fit(X_train, y_train)\n",
    "\n",
    "#Mallin mukaisten ennusteiden laskeminen opetusdatalle ja testidatalle:\n",
    "y_train_malli = malli.predict(X_train)\n",
    "y_test_malli = malli.predict(X_test)"
   ]
  },
  {
   "cell_type": "code",
   "execution_count": 6,
   "metadata": {
    "scrolled": true
   },
   "outputs": [
    {
     "name": "stdout",
     "output_type": "stream",
     "text": [
      "Oikeaan osuneiden ennusteiden osuus opetusdatassa = 1.0\n",
      "Confusion-matriisi opetusdatalle = \n",
      " [[40  0  0]\n",
      " [ 0 57  0]\n",
      " [ 0  0 36]]\n",
      "\n",
      "Oikeaan osuneiden ennusteiden osuus testidatassa = 0.7555555555555555\n",
      "Confusion-matriisi testidatalle = \n",
      " [[15  2  2]\n",
      " [ 1 12  1]\n",
      " [ 1  4  7]]\n"
     ]
    }
   ],
   "source": [
    "#Oikeaan osuneiden ennusteiden osuus datoissa\n",
    "as_train = accuracy_score(y_train, y_train_malli)\n",
    "as_test = accuracy_score(y_test, y_test_malli)\n",
    "\n",
    "#Confusion-matriisit datoille\n",
    "cm_train = confusion_matrix(y_train, y_train_malli)\n",
    "cm_test = confusion_matrix(y_test, y_test_malli)\n",
    "\n",
    "print('Oikeaan osuneiden ennusteiden osuus opetusdatassa = {}'.format(as_train))\n",
    "print('Confusion-matriisi opetusdatalle = \\n {}'.format(cm_train) + \"\\n\")\n",
    "print('Oikeaan osuneiden ennusteiden osuus testidatassa = {}'.format(as_test))\n",
    "print('Confusion-matriisi testidatalle = \\n {}'.format(cm_test))"
   ]
  },
  {
   "cell_type": "markdown",
   "metadata": {},
   "source": [
    "Kun naapureiden lukumääräksi määritellään 1, osuu on KNN-malli täydellisesti opetusdatan osalta. Testidatassa se kuitenkin osuu \n",
    "vain 75%"
   ]
  },
  {
   "cell_type": "code",
   "execution_count": 7,
   "metadata": {},
   "outputs": [],
   "source": [
    "#Uusi dataframe\n",
    "df2=pd.read_excel('http://taanila.fi/wine.xlsx')\n",
    "df2.rename(columns={'Y':'Viini'}, inplace=True)"
   ]
  },
  {
   "cell_type": "code",
   "execution_count": 8,
   "metadata": {},
   "outputs": [],
   "source": [
    "#Tehdään fature-matriisi,jota varten pudotetaan Y-muuttuja\n",
    "X = df2.drop('Viini', axis=1)\n",
    "\n",
    "#Tehdään target eli viini\n",
    "y = df2['Viini']"
   ]
  },
  {
   "cell_type": "code",
   "execution_count": 9,
   "metadata": {},
   "outputs": [],
   "source": [
    "#jaetaan data uudestaan testidataan ja opetusdataan\n",
    "X_train, X_test, y_train, y_test = train_test_split(X, y, random_state=5)"
   ]
  },
  {
   "cell_type": "code",
   "execution_count": 10,
   "metadata": {},
   "outputs": [],
   "source": [
    "#Sovitetaan opetusdata ja testidata Gaussian Naive Bayes-maliin\n",
    "malli = GaussianNB()\n",
    "malli.fit(X_train, y_train)\n",
    "\n",
    "#Mallin mukaisten ennusteiden laskeminen opetusdatalle ja testidatalle:\n",
    "y_train_malli = malli.predict(X_train)\n",
    "y_test_malli = malli.predict(X_test)"
   ]
  },
  {
   "cell_type": "code",
   "execution_count": 11,
   "metadata": {
    "scrolled": true
   },
   "outputs": [
    {
     "name": "stdout",
     "output_type": "stream",
     "text": [
      "Oikeaan osuneiden ennusteiden osuus opetusdatassa = 0.9924812030075187\n",
      "Confusion-matriisi opetusdatalle = \n",
      " [[40  0  0]\n",
      " [ 0 56  1]\n",
      " [ 0  0 36]]\n",
      "\n",
      "Oikeaan osuneiden ennusteiden osuus testidatassa = 0.9333333333333333\n",
      "Confusion-matriisi testidatalle = \n",
      " [[16  3  0]\n",
      " [ 0 14  0]\n",
      " [ 0  0 12]]\n"
     ]
    }
   ],
   "source": [
    "#Oikeaan osuneiden ennusteiden osuus datoissa\n",
    "as_train = accuracy_score(y_train, y_train_malli)\n",
    "as_test = accuracy_score(y_test, y_test_malli)\n",
    "\n",
    "#Confusion-matriisit datoille\n",
    "cm_train = confusion_matrix(y_train, y_train_malli)\n",
    "cm_test = confusion_matrix(y_test, y_test_malli)\n",
    "\n",
    "print('Oikeaan osuneiden ennusteiden osuus opetusdatassa = {}'.format(as_train))\n",
    "print('Confusion-matriisi opetusdatalle = \\n {}'.format(cm_train) + \"\\n\")\n",
    "print('Oikeaan osuneiden ennusteiden osuus testidatassa = {}'.format(as_test))\n",
    "print('Confusion-matriisi testidatalle = \\n {}'.format(cm_test))"
   ]
  },
  {
   "cell_type": "markdown",
   "metadata": {},
   "source": [
    "Gaussian Naive Bayes-malli onnistuu ennustamaan opetusdatan lähes täydellisesti ja testidatan melko hyvin: 93% "
   ]
  },
  {
   "cell_type": "code",
   "execution_count": 12,
   "metadata": {},
   "outputs": [],
   "source": [
    "#Uusi dataframe\n",
    "df3=pd.read_excel('http://taanila.fi/wine.xlsx')\n",
    "df3.rename(columns={'Y':'Viini'}, inplace=True)"
   ]
  },
  {
   "cell_type": "code",
   "execution_count": 13,
   "metadata": {},
   "outputs": [],
   "source": [
    "#Tehdään fature-matriisi,jota varten pudotetaan Y-muuttuja\n",
    "X = df3.drop('Viini', axis=1)\n",
    "\n",
    "#Tehdään target eli viini\n",
    "y = df3['Viini']"
   ]
  },
  {
   "cell_type": "code",
   "execution_count": 14,
   "metadata": {},
   "outputs": [],
   "source": [
    "#jaetaan data uudestaan testidataan ja opetusdataan\n",
    "X_train, X_test, y_train, y_test = train_test_split(X, y, random_state=5)"
   ]
  },
  {
   "cell_type": "code",
   "execution_count": 15,
   "metadata": {},
   "outputs": [
    {
     "name": "stderr",
     "output_type": "stream",
     "text": [
      "C:\\Users\\Oem\\Anaconda3\\lib\\site-packages\\sklearn\\linear_model\\logistic.py:433: FutureWarning: Default solver will be changed to 'lbfgs' in 0.22. Specify a solver to silence this warning.\n",
      "  FutureWarning)\n",
      "C:\\Users\\Oem\\Anaconda3\\lib\\site-packages\\sklearn\\linear_model\\logistic.py:460: FutureWarning: Default multi_class will be changed to 'auto' in 0.22. Specify the multi_class option to silence this warning.\n",
      "  \"this warning.\", FutureWarning)\n"
     ]
    }
   ],
   "source": [
    "#Sovitetaan opetusdata ja testidata logistisen regression malliin\n",
    "malli = LogisticRegression()\n",
    "malli.fit(X_train, y_train)\n",
    "\n",
    "#Mallin mukaisten ennusteiden laskeminen opetusdatalle ja testidatalle:\n",
    "y_train_malli = malli.predict(X_train)\n",
    "y_test_malli = malli.predict(X_test)"
   ]
  },
  {
   "cell_type": "code",
   "execution_count": 16,
   "metadata": {
    "scrolled": false
   },
   "outputs": [
    {
     "name": "stdout",
     "output_type": "stream",
     "text": [
      "Oikeaan osuneiden ennusteiden osuus opetusdatassa = 0.9849624060150376\n",
      "Confusion-matriisi opetusdatalle = \n",
      " [[39  1  0]\n",
      " [ 0 56  1]\n",
      " [ 0  0 36]]\n",
      "\n",
      "Oikeaan osuneiden ennusteiden osuus testidatassa = 0.9111111111111111\n",
      "Confusion-matriisi testidatalle = \n",
      " [[18  1  0]\n",
      " [ 1 12  1]\n",
      " [ 0  1 11]]\n"
     ]
    }
   ],
   "source": [
    "#Oikeaan osuneiden ennusteiden osuus datoissa\n",
    "as_train = accuracy_score(y_train, y_train_malli)\n",
    "as_test = accuracy_score(y_test, y_test_malli)\n",
    "\n",
    "#Confusion-matriisit datoille\n",
    "cm_train = confusion_matrix(y_train, y_train_malli)\n",
    "cm_test = confusion_matrix(y_test, y_test_malli)\n",
    "\n",
    "print('Oikeaan osuneiden ennusteiden osuus opetusdatassa = {}'.format(as_train))\n",
    "print('Confusion-matriisi opetusdatalle = \\n {}'.format(cm_train) + \"\\n\")\n",
    "print('Oikeaan osuneiden ennusteiden osuus testidatassa = {}'.format(as_test))\n",
    "print('Confusion-matriisi testidatalle = \\n {}'.format(cm_test))"
   ]
  },
  {
   "cell_type": "markdown",
   "metadata": {},
   "source": [
    "Logistinen regressio onnistuu ennustamaan opetusdatan lähes täydellisesti ja testidatan melko hyvin: 91% "
   ]
  },
  {
   "cell_type": "code",
   "execution_count": 17,
   "metadata": {
    "scrolled": true
   },
   "outputs": [
    {
     "data": {
      "text/plain": [
       "array([[9.95323697e-01, 3.90104826e-03, 7.75254834e-04],\n",
       "       [9.97335966e-01, 2.03598191e-03, 6.28051921e-04],\n",
       "       [9.98412647e-01, 2.65606641e-04, 1.32174608e-03],\n",
       "       [9.95992536e-01, 1.68260525e-07, 4.00729565e-03],\n",
       "       [8.08999330e-02, 9.11456726e-01, 7.64334142e-03],\n",
       "       [9.97860422e-01, 1.53420119e-06, 2.13804330e-03],\n",
       "       [9.98939634e-01, 8.56246427e-05, 9.74741160e-04],\n",
       "       [9.97630298e-01, 2.57488627e-04, 2.11221380e-03],\n",
       "       [9.94427797e-01, 4.58564505e-03, 9.86558049e-04],\n",
       "       [9.90011271e-01, 7.83767683e-05, 9.91035270e-03],\n",
       "       [9.99540432e-01, 8.79402885e-06, 4.50773917e-04],\n",
       "       [9.97337606e-01, 3.22984608e-04, 2.33940924e-03],\n",
       "       [9.97672496e-01, 2.82909323e-05, 2.29921266e-03],\n",
       "       [9.99199079e-01, 6.58840468e-04, 1.42080454e-04],\n",
       "       [9.99023847e-01, 5.84061998e-08, 9.76094290e-04],\n",
       "       [9.70519224e-01, 2.04403467e-06, 2.94787320e-02],\n",
       "       [9.94695300e-01, 1.60914258e-04, 5.14378591e-03],\n",
       "       [9.89984361e-01, 4.55317184e-04, 9.56032223e-03],\n",
       "       [9.91864338e-01, 3.09789851e-09, 8.13565847e-03],\n",
       "       [9.82194568e-01, 1.38554098e-02, 3.95002236e-03],\n",
       "       [8.43417704e-01, 1.54544164e-01, 2.03813123e-03],\n",
       "       [9.11427230e-01, 7.55862728e-02, 1.29864970e-02],\n",
       "       [9.41451231e-01, 5.84074001e-02, 1.41369296e-04],\n",
       "       [9.68188189e-01, 3.09304212e-02, 8.81390202e-04],\n",
       "       [5.17176645e-01, 4.82521166e-01, 3.02189773e-04],\n",
       "       [2.76723153e-02, 9.70952891e-01, 1.37479421e-03],\n",
       "       [9.98669536e-01, 4.77738150e-04, 8.52725776e-04],\n",
       "       [9.97796560e-01, 8.94380013e-04, 1.30905974e-03],\n",
       "       [8.38788789e-01, 1.60432129e-01, 7.79081985e-04],\n",
       "       [9.90032477e-01, 8.76650328e-03, 1.20101995e-03],\n",
       "       [9.97900888e-01, 6.42653179e-04, 1.45645874e-03],\n",
       "       [9.94755071e-01, 8.11246897e-07, 5.24411755e-03],\n",
       "       [8.73346231e-01, 1.26140706e-01, 5.13063124e-04],\n",
       "       [9.95216788e-01, 1.27978149e-03, 3.50343067e-03],\n",
       "       [9.76234923e-01, 2.20497784e-02, 1.71529884e-03],\n",
       "       [9.41328244e-01, 5.62995682e-02, 2.37218780e-03],\n",
       "       [9.47479932e-01, 4.91135877e-02, 3.40648017e-03],\n",
       "       [9.90088331e-01, 7.13891569e-03, 2.77275307e-03],\n",
       "       [9.52810329e-01, 4.64887507e-02, 7.00920447e-04],\n",
       "       [9.71384060e-01, 2.52380987e-02, 3.37784101e-03],\n",
       "       [9.65452338e-01, 3.03796662e-02, 4.16799575e-03],\n",
       "       [9.92805962e-01, 2.97741440e-03, 4.21662361e-03],\n",
       "       [9.98723166e-01, 8.09751356e-04, 4.67082505e-04],\n",
       "       [6.52453335e-01, 3.23188041e-01, 2.43586239e-02],\n",
       "       [9.63170165e-01, 3.51951661e-02, 1.63466839e-03],\n",
       "       [9.87713505e-01, 4.96785574e-04, 1.17897095e-02],\n",
       "       [9.97597773e-01, 1.67433298e-03, 7.27893986e-04],\n",
       "       [9.96315324e-01, 1.83384767e-03, 1.85082838e-03],\n",
       "       [9.90720004e-01, 1.02443689e-03, 8.25555874e-03],\n",
       "       [9.47882071e-01, 3.55672171e-07, 5.21175731e-02],\n",
       "       [9.94274882e-01, 5.26754712e-06, 5.71985019e-03],\n",
       "       [9.98909690e-01, 1.53852828e-04, 9.36457558e-04],\n",
       "       [9.97808083e-01, 1.28985603e-05, 2.17901870e-03],\n",
       "       [9.93601099e-01, 7.52181515e-06, 6.39137901e-03],\n",
       "       [9.93524273e-01, 1.21569085e-03, 5.26003607e-03],\n",
       "       [9.90835111e-01, 7.89913693e-04, 8.37497514e-03],\n",
       "       [9.92066607e-01, 2.06960124e-03, 5.86379193e-03],\n",
       "       [9.96711832e-01, 2.63890754e-05, 3.26177909e-03],\n",
       "       [9.97739341e-01, 1.53427465e-05, 2.24531657e-03],\n",
       "       [7.07303428e-02, 9.12628376e-01, 1.66412814e-02],\n",
       "       [6.70158017e-02, 8.59901582e-01, 7.30826164e-02],\n",
       "       [3.30966370e-04, 2.99803973e-01, 6.99865061e-01],\n",
       "       [1.42315455e-02, 9.67880158e-01, 1.78882964e-02],\n",
       "       [1.89593971e-03, 9.95664419e-01, 2.43964128e-03],\n",
       "       [4.60372798e-05, 9.79742751e-01, 2.02112116e-02],\n",
       "       [1.52412733e-01, 8.37433487e-01, 1.01537802e-02],\n",
       "       [1.20097758e-01, 8.77274399e-01, 2.62784314e-03],\n",
       "       [4.09409353e-03, 9.62276286e-01, 3.36296204e-02],\n",
       "       [9.68951316e-02, 8.82548408e-01, 2.05564605e-02],\n",
       "       [2.28912220e-02, 9.74777640e-01, 2.33113804e-03],\n",
       "       [1.42555043e-01, 7.99560018e-01, 5.78849395e-02],\n",
       "       [2.24735626e-05, 9.99000434e-01, 9.77092655e-04],\n",
       "       [2.82298509e-05, 9.69375438e-01, 3.05963323e-02],\n",
       "       [1.42476837e-02, 9.85412640e-01, 3.39676058e-04],\n",
       "       [5.08107640e-01, 4.91184490e-01, 7.07869781e-04],\n",
       "       [1.27501579e-03, 9.12992161e-01, 8.57328236e-02],\n",
       "       [7.56244215e-04, 9.67188328e-01, 3.20554277e-02],\n",
       "       [1.48041830e-03, 9.59849308e-01, 3.86702738e-02],\n",
       "       [1.90354298e-01, 8.07637131e-01, 2.00857162e-03],\n",
       "       [3.02109288e-04, 9.97829859e-01, 1.86803136e-03],\n",
       "       [5.92476829e-05, 9.98685457e-01, 1.25529503e-03],\n",
       "       [2.90852134e-01, 7.06713296e-01, 2.43457002e-03],\n",
       "       [1.37661206e-03, 9.95721022e-01, 2.90236627e-03],\n",
       "       [1.94250961e-04, 4.99245095e-01, 5.00560654e-01],\n",
       "       [1.03636201e-02, 9.88486750e-01, 1.14963039e-03],\n",
       "       [1.18687502e-03, 9.97344840e-01, 1.46828457e-03],\n",
       "       [9.49379380e-05, 9.91945595e-01, 7.95946684e-03],\n",
       "       [1.32292369e-04, 9.92730605e-01, 7.13710294e-03],\n",
       "       [2.43794463e-02, 9.66605028e-01, 9.01552589e-03],\n",
       "       [3.67980220e-03, 9.95292073e-01, 1.02812517e-03],\n",
       "       [1.60284715e-03, 9.89667052e-01, 8.73010036e-03],\n",
       "       [5.86675662e-05, 9.36124687e-01, 6.38166451e-02],\n",
       "       [2.52060370e-04, 9.73836014e-01, 2.59119256e-02],\n",
       "       [2.98519495e-04, 9.98664429e-01, 1.03705170e-03],\n",
       "       [5.17816073e-04, 9.93419534e-01, 6.06264945e-03],\n",
       "       [2.94991773e-01, 7.04871104e-01, 1.37123327e-04],\n",
       "       [3.99028089e-04, 9.65120626e-01, 3.44803458e-02],\n",
       "       [7.89036232e-03, 9.91081658e-01, 1.02797989e-03],\n",
       "       [2.81408399e-01, 7.18123332e-01, 4.68268944e-04],\n",
       "       [4.48710923e-03, 9.95285371e-01, 2.27520076e-04],\n",
       "       [2.74482790e-01, 7.22444588e-01, 3.07262148e-03],\n",
       "       [4.07934635e-03, 9.90375006e-01, 5.54564748e-03],\n",
       "       [4.54629741e-04, 9.95484530e-01, 4.06083992e-03],\n",
       "       [3.18786097e-04, 9.95329203e-01, 4.35201064e-03],\n",
       "       [4.54244915e-02, 9.52834379e-01, 1.74112987e-03],\n",
       "       [1.41181855e-05, 9.89744603e-01, 1.02412786e-02],\n",
       "       [5.12181246e-03, 9.88691273e-01, 6.18691480e-03],\n",
       "       [1.02396401e-04, 9.77419439e-01, 2.24781644e-02],\n",
       "       [6.67207625e-05, 9.97830932e-01, 2.10234707e-03],\n",
       "       [1.58597741e-01, 8.41288432e-01, 1.13826964e-04],\n",
       "       [1.66078520e-02, 9.82458069e-01, 9.34078715e-04],\n",
       "       [4.94778539e-05, 9.97859310e-01, 2.09121211e-03],\n",
       "       [1.29713258e-02, 9.27693944e-01, 5.93347305e-02],\n",
       "       [1.98384040e-04, 9.91581017e-01, 8.22059877e-03],\n",
       "       [8.57583967e-05, 9.96195473e-01, 3.71876864e-03],\n",
       "       [2.23524075e-04, 9.99064506e-01, 7.11969958e-04],\n",
       "       [9.63665751e-04, 9.97411833e-01, 1.62450138e-03],\n",
       "       [7.13956275e-06, 9.98196626e-01, 1.79623429e-03],\n",
       "       [7.52464182e-04, 8.22676105e-01, 1.76571431e-01],\n",
       "       [1.81713551e-02, 9.80759885e-01, 1.06875978e-03],\n",
       "       [8.95247321e-02, 9.09358471e-01, 1.11679710e-03],\n",
       "       [5.90987127e-05, 9.97516913e-01, 2.42398826e-03],\n",
       "       [4.04523369e-06, 9.92612636e-01, 7.38331926e-03],\n",
       "       [4.53303991e-04, 9.94683561e-01, 4.86313498e-03],\n",
       "       [1.77397942e-03, 9.97563749e-01, 6.62271725e-04],\n",
       "       [3.20816240e-04, 9.98030080e-01, 1.64910363e-03],\n",
       "       [1.01982719e-04, 9.96717795e-01, 3.18022237e-03],\n",
       "       [4.06579990e-06, 9.86729388e-01, 1.32665462e-02],\n",
       "       [5.81164980e-06, 9.98838469e-01, 1.15571981e-03],\n",
       "       [5.90425197e-03, 9.67471922e-01, 2.66238264e-02],\n",
       "       [1.51895041e-03, 7.62388516e-01, 2.36092534e-01],\n",
       "       [1.88072520e-04, 1.45024064e-01, 8.54787863e-01],\n",
       "       [1.76833688e-05, 1.86283481e-01, 8.13698836e-01],\n",
       "       [3.70133053e-04, 1.21506005e-01, 8.78123862e-01],\n",
       "       [1.28150900e-02, 4.16010267e-02, 9.45583883e-01],\n",
       "       [1.00430409e-02, 3.54499542e-04, 9.89602460e-01],\n",
       "       [1.15715226e-02, 2.74079700e-02, 9.61020507e-01],\n",
       "       [1.80070771e-05, 7.41345632e-02, 9.25847430e-01],\n",
       "       [8.99617612e-04, 1.74889984e-02, 9.81611384e-01],\n",
       "       [7.57591112e-05, 2.64614447e-01, 7.35309794e-01],\n",
       "       [7.39288273e-04, 2.34455019e-01, 7.64805693e-01],\n",
       "       [4.18291200e-02, 4.31082106e-03, 9.53860059e-01],\n",
       "       [1.40004333e-05, 4.83663078e-01, 5.16322922e-01],\n",
       "       [1.15966000e-03, 1.71357505e-01, 8.27482835e-01],\n",
       "       [1.64476304e-01, 1.42955822e-06, 8.35522267e-01],\n",
       "       [4.92144707e-02, 8.43869324e-02, 8.66398597e-01],\n",
       "       [2.49408565e-05, 1.21322062e-01, 8.78652997e-01],\n",
       "       [1.27949846e-03, 5.54470042e-05, 9.98665055e-01],\n",
       "       [7.35781012e-04, 6.62944039e-05, 9.99197925e-01],\n",
       "       [6.21777508e-05, 3.98040576e-05, 9.99898018e-01],\n",
       "       [2.78843923e-06, 3.30966836e-03, 9.96687543e-01],\n",
       "       [8.98227480e-06, 1.44694341e-05, 9.99976548e-01],\n",
       "       [2.58066956e-07, 2.55014939e-01, 7.44984803e-01],\n",
       "       [4.67656470e-03, 4.42103748e-07, 9.95322993e-01],\n",
       "       [4.72799602e-04, 1.74115864e-03, 9.97786042e-01],\n",
       "       [3.29280068e-03, 1.46349213e-05, 9.96692564e-01],\n",
       "       [1.17135260e-04, 6.79248805e-05, 9.99814940e-01],\n",
       "       [2.09110767e-03, 7.84027341e-05, 9.97830490e-01],\n",
       "       [4.96125117e-05, 3.13964725e-07, 9.99950074e-01],\n",
       "       [1.88689789e-04, 1.06653299e-06, 9.99810244e-01],\n",
       "       [2.46216701e-04, 3.66003885e-04, 9.99387779e-01],\n",
       "       [2.33144362e-03, 1.09131756e-02, 9.86755381e-01],\n",
       "       [1.28710952e-04, 7.38743087e-02, 9.25996980e-01],\n",
       "       [8.14217675e-03, 1.43078692e-02, 9.77549954e-01],\n",
       "       [1.34278722e-04, 2.26957297e-05, 9.99843026e-01],\n",
       "       [3.35054161e-05, 7.96035950e-03, 9.92006135e-01],\n",
       "       [2.71323736e-04, 9.49594109e-07, 9.99727727e-01],\n",
       "       [5.28918067e-03, 2.81407203e-07, 9.94710538e-01],\n",
       "       [3.50096186e-04, 1.14459325e-04, 9.99535444e-01],\n",
       "       [6.33107270e-05, 9.61517914e-05, 9.99840537e-01],\n",
       "       [3.12412718e-04, 3.84488507e-02, 9.61238737e-01],\n",
       "       [5.41490467e-05, 1.59017773e-05, 9.99929949e-01],\n",
       "       [1.15726348e-03, 9.49602928e-06, 9.98833240e-01],\n",
       "       [1.31233508e-02, 8.93280018e-06, 9.86867716e-01],\n",
       "       [1.62488422e-03, 2.54458559e-04, 9.98120657e-01],\n",
       "       [1.86344336e-02, 9.69581621e-08, 9.81365469e-01],\n",
       "       [1.51722760e-02, 2.92406625e-06, 9.84824800e-01],\n",
       "       [1.59076342e-05, 8.35556492e-05, 9.99900537e-01]])"
      ]
     },
     "execution_count": 17,
     "metadata": {},
     "output_type": "execute_result"
    }
   ],
   "source": [
    "malli.predict_proba(X)"
   ]
  },
  {
   "cell_type": "markdown",
   "metadata": {},
   "source": [
    "Ensimmäinen 99,532 % todennäköisyydellä viini1,  0,390 % todennäköisyydellä viini2 ja 0,0775 % todennäköisyydellä viini3."
   ]
  },
  {
   "cell_type": "code",
   "execution_count": 18,
   "metadata": {},
   "outputs": [],
   "source": [
    "#Uusi dataframe\n",
    "df4=pd.read_excel('http://taanila.fi/wine.xlsx')\n",
    "df4.rename(columns={'Y':'Viini'}, inplace=True)"
   ]
  },
  {
   "cell_type": "code",
   "execution_count": 19,
   "metadata": {},
   "outputs": [],
   "source": [
    "#Tehdään fature-matriisi,jota varten pudotetaan Y-muuttuja\n",
    "X = df4.drop('Viini', axis=1)\n",
    "\n",
    "#Tehdään target eli viini\n",
    "y = df4['Viini']"
   ]
  },
  {
   "cell_type": "code",
   "execution_count": 20,
   "metadata": {},
   "outputs": [],
   "source": [
    "#jaetaan data uudestaan testidataan ja opetusdataan\n",
    "X_train, X_test, y_train, y_test = train_test_split(X, y, random_state=5)"
   ]
  },
  {
   "cell_type": "code",
   "execution_count": 21,
   "metadata": {},
   "outputs": [],
   "source": [
    "#Sovitetaan opetusdata ja testidata päätöspuu-malliin\n",
    "malli = tree.DecisionTreeClassifier(max_depth=3)\n",
    "malli.fit(X_train, y_train)\n",
    "\n",
    "#Mallin mukaisten ennusteiden laskeminen opetusdatalle ja testidatalle:\n",
    "y_train_malli = malli.predict(X_train)\n",
    "y_test_malli = malli.predict(X_test)"
   ]
  },
  {
   "cell_type": "code",
   "execution_count": 22,
   "metadata": {
    "scrolled": false
   },
   "outputs": [
    {
     "name": "stdout",
     "output_type": "stream",
     "text": [
      "Oikeaan osuneiden ennusteiden osuus opetusdatassa = 1.0\n",
      "Confusion-matriisi opetusdatalle = \n",
      " [[40  0  0]\n",
      " [ 0 57  0]\n",
      " [ 0  0 36]]\n",
      "\n",
      "Oikeaan osuneiden ennusteiden osuus testidatassa = 0.9111111111111111\n",
      "Confusion-matriisi testidatalle = \n",
      " [[17  2  0]\n",
      " [ 1 12  1]\n",
      " [ 0  0 12]]\n"
     ]
    }
   ],
   "source": [
    "#Oikeaan osuneiden ennusteiden osuus datoissa\n",
    "as_train = accuracy_score(y_train, y_train_malli)\n",
    "as_test = accuracy_score(y_test, y_test_malli)\n",
    "\n",
    "#Confusion-matriisit datoille\n",
    "cm_train = confusion_matrix(y_train, y_train_malli)\n",
    "cm_test = confusion_matrix(y_test, y_test_malli)\n",
    "\n",
    "print('Oikeaan osuneiden ennusteiden osuus opetusdatassa = {}'.format(as_train))\n",
    "print('Confusion-matriisi opetusdatalle = \\n {}'.format(cm_train) + \"\\n\")\n",
    "print('Oikeaan osuneiden ennusteiden osuus testidatassa = {}'.format(as_test))\n",
    "print('Confusion-matriisi testidatalle = \\n {}'.format(cm_test))"
   ]
  },
  {
   "cell_type": "markdown",
   "metadata": {},
   "source": [
    "Max depth 3 antaa antaa jo parhaimman tuloksen mihin malli pystyy. Päätöspuu ennustaa opetusdatan täydellisesti ja testi datan melko hyvin: 91%"
   ]
  },
  {
   "cell_type": "code",
   "execution_count": 23,
   "metadata": {},
   "outputs": [],
   "source": [
    "#Uusi dataframe\n",
    "df5=pd.read_excel('http://taanila.fi/wine.xlsx')\n",
    "df5.rename(columns={'Y':'Viini'}, inplace=True)"
   ]
  },
  {
   "cell_type": "code",
   "execution_count": 24,
   "metadata": {},
   "outputs": [],
   "source": [
    "#Tehdään fature-matriisi,jota varten pudotetaan Y-muuttuja\n",
    "X = df5.drop('Viini', axis=1)"
   ]
  },
  {
   "cell_type": "code",
   "execution_count": 25,
   "metadata": {},
   "outputs": [
    {
     "data": {
      "text/plain": [
       "array([[1.25166667e+01, 2.49420290e+00, 2.28855072e+00, 2.08231884e+01,\n",
       "        9.23478261e+01, 2.07072464e+00, 1.75840580e+00, 3.90144928e-01,\n",
       "        1.45188406e+00, 4.08695651e+00, 9.41159420e-01, 2.49072464e+00,\n",
       "        4.58231884e+02],\n",
       "       [1.38044681e+01, 1.88340426e+00, 2.42617021e+00, 1.70234043e+01,\n",
       "        1.05510638e+02, 2.86723404e+00, 3.01425532e+00, 2.85319149e-01,\n",
       "        1.91042553e+00, 5.70255319e+00, 1.07829787e+00, 3.11404255e+00,\n",
       "        1.19514894e+03],\n",
       "       [1.29298387e+01, 2.50403226e+00, 2.40806452e+00, 1.98903226e+01,\n",
       "        1.03596774e+02, 2.11112903e+00, 1.58403226e+00, 3.88387097e-01,\n",
       "        1.50338710e+00, 5.65032258e+00, 8.83967742e-01, 2.36548387e+00,\n",
       "        7.28338710e+02]])"
      ]
     },
     "execution_count": 25,
     "metadata": {},
     "output_type": "execute_result"
    }
   ],
   "source": [
    "#Sovitetaan opetusdata ja testidata päätöspuu-malliin\n",
    "malli = KMeans(n_clusters=3)\n",
    "malli.fit(X)\n",
    "\n",
    "#Ryhmien keskukset (sepal_length, sepal_width, petal_length, petal_width):\n",
    "malli.cluster_centers_"
   ]
  },
  {
   "cell_type": "code",
   "execution_count": 26,
   "metadata": {},
   "outputs": [
    {
     "data": {
      "text/html": [
       "<div>\n",
       "<style scoped>\n",
       "    .dataframe tbody tr th:only-of-type {\n",
       "        vertical-align: middle;\n",
       "    }\n",
       "\n",
       "    .dataframe tbody tr th {\n",
       "        vertical-align: top;\n",
       "    }\n",
       "\n",
       "    .dataframe thead th {\n",
       "        text-align: right;\n",
       "    }\n",
       "</style>\n",
       "<table border=\"1\" class=\"dataframe\">\n",
       "  <thead>\n",
       "    <tr style=\"text-align: right;\">\n",
       "      <th>col_0</th>\n",
       "      <th>lkm</th>\n",
       "    </tr>\n",
       "    <tr>\n",
       "      <th>K</th>\n",
       "      <th></th>\n",
       "    </tr>\n",
       "  </thead>\n",
       "  <tbody>\n",
       "    <tr>\n",
       "      <th>0</th>\n",
       "      <td>69</td>\n",
       "    </tr>\n",
       "    <tr>\n",
       "      <th>1</th>\n",
       "      <td>47</td>\n",
       "    </tr>\n",
       "    <tr>\n",
       "      <th>2</th>\n",
       "      <td>62</td>\n",
       "    </tr>\n",
       "  </tbody>\n",
       "</table>\n",
       "</div>"
      ],
      "text/plain": [
       "col_0  lkm\n",
       "K         \n",
       "0       69\n",
       "1       47\n",
       "2       62"
      ]
     },
     "execution_count": 26,
     "metadata": {},
     "output_type": "execute_result"
    }
   ],
   "source": [
    "#Ryhmiin kuulumiset:\n",
    "X['K'] = malli.predict(X)\n",
    "pd.crosstab(X['K'], 'lkm')"
   ]
  },
  {
   "cell_type": "code",
   "execution_count": 27,
   "metadata": {
    "scrolled": true
   },
   "outputs": [
    {
     "data": {
      "text/html": [
       "<style  type=\"text/css\" >\n",
       "</style>  \n",
       "<table id=\"T_3f93384c_8190_11e9_8986_9c5c8ebf7da4\" > \n",
       "<thead>    <tr> \n",
       "        <th class=\"blank\" ></th> \n",
       "        <th class=\"index_name level0\" >K</th> \n",
       "        <th class=\"col_heading level0 col0\" >0</th> \n",
       "        <th class=\"col_heading level0 col1\" >1</th> \n",
       "        <th class=\"col_heading level0 col2\" >2</th> \n",
       "    </tr></thead> \n",
       "<tbody>    <tr> \n",
       "        <th id=\"T_3f93384c_8190_11e9_8986_9c5c8ebf7da4level0_row0\" class=\"row_heading level0 row0\" rowspan=8>X1</th> \n",
       "        <th id=\"T_3f93384c_8190_11e9_8986_9c5c8ebf7da4level1_row0\" class=\"row_heading level1 row0\" >count</th> \n",
       "        <td id=\"T_3f93384c_8190_11e9_8986_9c5c8ebf7da4row0_col0\" class=\"data row0 col0\" >69.0</td> \n",
       "        <td id=\"T_3f93384c_8190_11e9_8986_9c5c8ebf7da4row0_col1\" class=\"data row0 col1\" >47.0</td> \n",
       "        <td id=\"T_3f93384c_8190_11e9_8986_9c5c8ebf7da4row0_col2\" class=\"data row0 col2\" >62.0</td> \n",
       "    </tr>    <tr> \n",
       "        <th id=\"T_3f93384c_8190_11e9_8986_9c5c8ebf7da4level1_row1\" class=\"row_heading level1 row1\" >mean</th> \n",
       "        <td id=\"T_3f93384c_8190_11e9_8986_9c5c8ebf7da4row1_col0\" class=\"data row1 col0\" >12.5</td> \n",
       "        <td id=\"T_3f93384c_8190_11e9_8986_9c5c8ebf7da4row1_col1\" class=\"data row1 col1\" >13.8</td> \n",
       "        <td id=\"T_3f93384c_8190_11e9_8986_9c5c8ebf7da4row1_col2\" class=\"data row1 col2\" >12.9</td> \n",
       "    </tr>    <tr> \n",
       "        <th id=\"T_3f93384c_8190_11e9_8986_9c5c8ebf7da4level1_row2\" class=\"row_heading level1 row2\" >std</th> \n",
       "        <td id=\"T_3f93384c_8190_11e9_8986_9c5c8ebf7da4row2_col0\" class=\"data row2 col0\" >0.7</td> \n",
       "        <td id=\"T_3f93384c_8190_11e9_8986_9c5c8ebf7da4row2_col1\" class=\"data row2 col1\" >0.5</td> \n",
       "        <td id=\"T_3f93384c_8190_11e9_8986_9c5c8ebf7da4row2_col2\" class=\"data row2 col2\" >0.7</td> \n",
       "    </tr>    <tr> \n",
       "        <th id=\"T_3f93384c_8190_11e9_8986_9c5c8ebf7da4level1_row3\" class=\"row_heading level1 row3\" >min</th> \n",
       "        <td id=\"T_3f93384c_8190_11e9_8986_9c5c8ebf7da4row3_col0\" class=\"data row3 col0\" >11.0</td> \n",
       "        <td id=\"T_3f93384c_8190_11e9_8986_9c5c8ebf7da4row3_col1\" class=\"data row3 col1\" >12.8</td> \n",
       "        <td id=\"T_3f93384c_8190_11e9_8986_9c5c8ebf7da4row3_col2\" class=\"data row3 col2\" >11.4</td> \n",
       "    </tr>    <tr> \n",
       "        <th id=\"T_3f93384c_8190_11e9_8986_9c5c8ebf7da4level1_row4\" class=\"row_heading level1 row4\" >25%</th> \n",
       "        <td id=\"T_3f93384c_8190_11e9_8986_9c5c8ebf7da4row4_col0\" class=\"data row4 col0\" >12.1</td> \n",
       "        <td id=\"T_3f93384c_8190_11e9_8986_9c5c8ebf7da4row4_col1\" class=\"data row4 col1\" >13.5</td> \n",
       "        <td id=\"T_3f93384c_8190_11e9_8986_9c5c8ebf7da4row4_col2\" class=\"data row4 col2\" >12.4</td> \n",
       "    </tr>    <tr> \n",
       "        <th id=\"T_3f93384c_8190_11e9_8986_9c5c8ebf7da4level1_row5\" class=\"row_heading level1 row5\" >50%</th> \n",
       "        <td id=\"T_3f93384c_8190_11e9_8986_9c5c8ebf7da4row5_col0\" class=\"data row5 col0\" >12.4</td> \n",
       "        <td id=\"T_3f93384c_8190_11e9_8986_9c5c8ebf7da4row5_col1\" class=\"data row5 col1\" >13.8</td> \n",
       "        <td id=\"T_3f93384c_8190_11e9_8986_9c5c8ebf7da4row5_col2\" class=\"data row5 col2\" >13.0</td> \n",
       "    </tr>    <tr> \n",
       "        <th id=\"T_3f93384c_8190_11e9_8986_9c5c8ebf7da4level1_row6\" class=\"row_heading level1 row6\" >75%</th> \n",
       "        <td id=\"T_3f93384c_8190_11e9_8986_9c5c8ebf7da4row6_col0\" class=\"data row6 col0\" >12.8</td> \n",
       "        <td id=\"T_3f93384c_8190_11e9_8986_9c5c8ebf7da4row6_col1\" class=\"data row6 col1\" >14.2</td> \n",
       "        <td id=\"T_3f93384c_8190_11e9_8986_9c5c8ebf7da4row6_col2\" class=\"data row6 col2\" >13.4</td> \n",
       "    </tr>    <tr> \n",
       "        <th id=\"T_3f93384c_8190_11e9_8986_9c5c8ebf7da4level1_row7\" class=\"row_heading level1 row7\" >max</th> \n",
       "        <td id=\"T_3f93384c_8190_11e9_8986_9c5c8ebf7da4row7_col0\" class=\"data row7 col0\" >14.1</td> \n",
       "        <td id=\"T_3f93384c_8190_11e9_8986_9c5c8ebf7da4row7_col1\" class=\"data row7 col1\" >14.8</td> \n",
       "        <td id=\"T_3f93384c_8190_11e9_8986_9c5c8ebf7da4row7_col2\" class=\"data row7 col2\" >14.3</td> \n",
       "    </tr>    <tr> \n",
       "        <th id=\"T_3f93384c_8190_11e9_8986_9c5c8ebf7da4level0_row8\" class=\"row_heading level0 row8\" rowspan=8>X10</th> \n",
       "        <th id=\"T_3f93384c_8190_11e9_8986_9c5c8ebf7da4level1_row8\" class=\"row_heading level1 row8\" >count</th> \n",
       "        <td id=\"T_3f93384c_8190_11e9_8986_9c5c8ebf7da4row8_col0\" class=\"data row8 col0\" >69.0</td> \n",
       "        <td id=\"T_3f93384c_8190_11e9_8986_9c5c8ebf7da4row8_col1\" class=\"data row8 col1\" >47.0</td> \n",
       "        <td id=\"T_3f93384c_8190_11e9_8986_9c5c8ebf7da4row8_col2\" class=\"data row8 col2\" >62.0</td> \n",
       "    </tr>    <tr> \n",
       "        <th id=\"T_3f93384c_8190_11e9_8986_9c5c8ebf7da4level1_row9\" class=\"row_heading level1 row9\" >mean</th> \n",
       "        <td id=\"T_3f93384c_8190_11e9_8986_9c5c8ebf7da4row9_col0\" class=\"data row9 col0\" >4.1</td> \n",
       "        <td id=\"T_3f93384c_8190_11e9_8986_9c5c8ebf7da4row9_col1\" class=\"data row9 col1\" >5.7</td> \n",
       "        <td id=\"T_3f93384c_8190_11e9_8986_9c5c8ebf7da4row9_col2\" class=\"data row9 col2\" >5.7</td> \n",
       "    </tr>    <tr> \n",
       "        <th id=\"T_3f93384c_8190_11e9_8986_9c5c8ebf7da4level1_row10\" class=\"row_heading level1 row10\" >std</th> \n",
       "        <td id=\"T_3f93384c_8190_11e9_8986_9c5c8ebf7da4row10_col0\" class=\"data row10 col0\" >2.2</td> \n",
       "        <td id=\"T_3f93384c_8190_11e9_8986_9c5c8ebf7da4row10_col1\" class=\"data row10 col1\" >1.3</td> \n",
       "        <td id=\"T_3f93384c_8190_11e9_8986_9c5c8ebf7da4row10_col2\" class=\"data row10 col2\" >2.7</td> \n",
       "    </tr>    <tr> \n",
       "        <th id=\"T_3f93384c_8190_11e9_8986_9c5c8ebf7da4level1_row11\" class=\"row_heading level1 row11\" >min</th> \n",
